image_width: 1280
image_height: 720
camera_name: narrow_stereo
camera_matrix:
  rows: 3
  cols: 3
  data: [957.82333,   0.     , 646.30067,
           0.     , 955.43537, 377.22441,
           0.     ,   0.     ,   1.     ]
distortion_model: plumb_bob
distortion_coefficients:
  rows: 1
  cols: 5
  data: [0.028666, -0.085456, -0.000091, -0.001488, 0.000000]
rectification_matrix:
  rows: 3
  cols: 3
  data: [1., 0., 0.,
         0., 1., 0.,
         0., 0., 1.]
projection_matrix:
  rows: 3
  cols: 4
  data: [952.862  ,   0.     , 644.07116,   0.     ,
           0.     , 956.88599, 376.66428,   0.     ,
           0.     ,   0.     ,   1.     ,   0.     ]
